(0), 1, 4, 5, 6, 7, 8, 10, 11, 12, 15, 16, 19, (22)
(0), 1, 4, 5, 6, 7, 8, 10,     12, 15, 16, 19, (22)
(0), 1, 4, 5, 6, 7, 8,     11, 12, 15, 16, 19, (22)
(0), 1, 4, 5, 6, 7,    10, 11, 12, 15, 16, 19, (22)
(0), 1, 4, 5, 6, 7,    10,     12, 15, 16, 19, (22)
(0), 1, 4, 5, 6,    8, 10, 11, 12, 15, 16, 19, (22)
(0), 1, 4, 5, 6,    8, 10,     12, 15, 16, 19, (22)
(0), 1, 4, 5, 6,    8,     11, 12, 15, 16, 19, (22)
(0), 1, 4, 5,    7, 8, 10, 11, 12, 15, 16, 19, (22)
(0), 1, 4, 5,    7, 8, 10,     12, 15, 16, 19, (22)
(0), 1, 4, 5,    7, 8,     11, 12, 15, 16, 19, (22)
(0), 1, 4, 5,    7,    10, 11, 12, 15, 16, 19, (22)
(0), 1, 4, 5,    7,    10,     12, 15, 16, 19, (22)
(0), 1, 4, 5,       8, 10, 11, 12, 15, 16, 19, (22)
(0), 1, 4, 5,       8, 10,     12, 15, 16, 19, (22)
(0), 1, 4, 5,       8,     11, 12, 15, 16, 19, (22)
(0), 1, 4,    6, 7, 8, 10, 11, 12, 15, 16, 19, (22)
(0), 1, 4,    6, 7, 8, 10,     12, 15, 16, 19, (22)
(0), 1, 4,    6, 7, 8,     11, 12, 15, 16, 19, (22)
(0), 1, 4,    6, 7,    10, 11, 12, 15, 16, 19, (22)
(0), 1, 4,    6, 7,    10,     12, 15, 16, 19, (22)
(0), 1, 4,    6,    8, 10, 11, 12, 15, 16, 19, (22)
(0), 1, 4,    6,    8, 10,     12, 15, 16, 19, (22)
(0), 1, 4,    6,    8,     11, 12, 15, 16, 19, (22)
(0), 1, 4,       7, 8, 10, 11, 12, 15, 16, 19, (22)
(0), 1, 4,       7, 8, 10,     12, 15, 16, 19, (22)
(0), 1, 4,       7, 8,     11, 12, 15, 16, 19, (22)
(0), 1, 4,       7,    10, 11, 12, 15, 16, 19, (22)
(0), 1, 4,       7,    10,     12, 15, 16, 19, (22)

===================================================

(0), 1, 4, 5, 6, 7, 8, 10, 11, 12, 15, 16, 19, (22)
(0), 1, 4, 5, 6, 7, 8, 10,     12, 15, 16, 19, (22)

(0), 1, 4, 5, 6, 7, 8,     11, 12, 15, 16, 19, (22)
(0), 1, 4, 5, 6, 7, 8,         12, 15, 16, 19, (22)~!

(0), 1, 4, 5, 6, 7,    10, 11, 12, 15, 16, 19, (22)
(0), 1, 4, 5, 6, 7,    10,     12, 15, 16, 19, (22)
(0), 1, 4, 5, 6, 7,        11, 12, 15, 16, 19, (22)~!
(0), 1, 4, 5, 6, 7,            12, 15, 16, 19, (22)~!

(0), 1, 4, 5, 6,    8, 10, 11, 12, 15, 16, 19, (22)
(0), 1, 4, 5, 6,    8, 10,     12, 15, 16, 19, (22)
(0), 1, 4, 5, 6,    8,     11, 12, 15, 16, 19, (22)
(0), 1, 4, 5, 6,    8,         12, 15, 16, 19, (22)~!
(0), 1, 4, 5, 6,       10, 11, 12, 15, 16, 19, (22)~!
(0), 1, 4, 5, 6,       10,     12, 15, 16, 19, (22)~!
(0), 1, 4, 5, 6,           11, 12, 15, 16, 19, (22)~!
(0), 1, 4, 5, 6,               12, 15, 16, 19, (22)~!

(0), 1, 4, 5,    7, 8, 10, 11, 12, 15, 16, 19, (22)
(0), 1, 4, 5,    7, 8, 10,     12, 15, 16, 19, (22)
(0), 1, 4, 5,    7, 8,     11, 12, 15, 16, 19, (22)
(0), 1, 4, 5,    7, 8,         12, 15, 16, 19, (22)~!
(0), 1, 4, 5,    7,    10, 11, 12, 15, 16, 19, (22)
(0), 1, 4, 5,    7,    10,     12, 15, 16, 19, (22)
(0), 1, 4, 5,    7,        11, 12, 15, 16, 19, (22)~!
(0), 1, 4, 5,    7,            12, 15, 16, 19, (22)~!
(0), 1, 4, 5,       8, 10, 11, 12, 15, 16, 19, (22)
(0), 1, 4, 5,       8, 10,     12, 15, 16, 19, (22)
(0), 1, 4, 5,       8,     11, 12, 15, 16, 19, (22)
(0), 1, 4, 5,       8,         12, 15, 16, 19, (22)~!
(0), 1, 4, 5,          10, 11, 12, 15, 16, 19, (22)~!
(0), 1, 4, 5,          10,     12, 15, 16, 19, (22)~!
(0), 1, 4, 5,              11, 12, 15, 16, 19, (22)~!
(0), 1, 4, 5,                  12, 15, 16, 19, (22)~!

(0), 1, 4,    6, 7, 8, 10, 11, 12, 15, 16, 19, (22)
(0), 1, 4,    6, 7, 8, 10,     12, 15, 16, 19, (22)
(0), 1, 4,    6, 7, 8,     11, 12, 15, 16, 19, (22)
(0), 1, 4,    6, 7, 8,         12, 15, 16, 19, (22)~!
(0), 1, 4,    6, 7,    10, 11, 12, 15, 16, 19, (22)
(0), 1, 4,    6, 7,    10,     12, 15, 16, 19, (22)
(0), 1, 4,    6, 7,        11, 12, 15, 16, 19, (22)~!
(0), 1, 4,    6, 7,            12, 15, 16, 19, (22)~!
(0), 1, 4,    6,    8, 10, 11, 12, 15, 16, 19, (22)
(0), 1, 4,    6,    8, 10,     12, 15, 16, 19, (22)
(0), 1, 4,    6,    8,     11, 12, 15, 16, 19, (22)
(0), 1, 4,    6,    8,         12, 15, 16, 19, (22)~!
(0), 1, 4,    6,       10, 11, 12, 15, 16, 19, (22)~!
(0), 1, 4,    6,       10,     12, 15, 16, 19, (22)~!
(0), 1, 4,    6,           11, 12, 15, 16, 19, (22)~!
(0), 1, 4,    6,               12, 15, 16, 19, (22)~!
(0), 1, 4,       7, 8, 10, 11, 12, 15, 16, 19, (22)
(0), 1, 4,       7, 8, 10,     12, 15, 16, 19, (22)
(0), 1, 4,       7, 8,     11, 12, 15, 16, 19, (22)
(0), 1, 4,       7, 8,         12, 15, 16, 19, (22)~!
(0), 1, 4,       7,    10, 11, 12, 15, 16, 19, (22)
(0), 1, 4,       7,    10,     12, 15, 16, 19, (22)
(0), 1, 4,       7,        11, 12, 15, 16, 19, (22)~!
(0), 1, 4,       7,            12, 15, 16, 19, (22)~!
(0), 1, 4,          8, 10, 11, 12, 15, 16, 19, (22)~!
(0), 1, 4,          8, 10,     12, 15, 16, 19, (22)~!
(0), 1, 4,          8,     11, 12, 15, 16, 19, (22)~!
(0), 1, 4,          8,         12, 15, 16, 19, (22)~!
(0), 1, 4,             10, 11, 12, 15, 16, 19, (22)~!
(0), 1, 4,             10,     12, 15, 16, 19, (22)~!
(0), 1, 4,                 11, 12, 15, 16, 19, (22)~!
(0), 1, 4,                     12, 15, 16, 19, (22)~!

===================================================

1 1 1         => 3! /   3! =>  1
1 2           =>        2! =>  2
3             =>         1 =>  1
                              ==
                               4
--------------------------------
1 1 1 1       => 4! /   4! =>  1
1 1 2         => 3! /   2! =>  3
1 3           =>        2! =>  2
2 2           => 2! /   2! =>  1
                              ==
                               7
--------------------------------
1 1 1 1 1     => 5! /   5! =>  1
1 1 1 2       => 4! /   3! =>  4 
1 2 2         => 3! /   2! =>  3
1 1 3         => 3! /   2! =>  3
2 3           =>        2! =>  2 
                              ==
                              13
--------------------------------
1 1 1 1 1 1   => 6! /   6! =>  1
1 1 1 1 2     => 5! /   4! =>  5
1 1 2 2       => 4! / 2!2! =>  6
1 1 1 3       => 4! /   3! =>  4
2 2 2         => 3! /   3! =>  1
1 2 3         =>        3! =>  6
3 3           => 2! /   2! =>  1
                              ==
                              24
--------------------------------
1 1 1 1 1 1 1 => 7! /   7! =>  1
1 1 1 1 1 2   => 6! /   5! =>  6
1 1 1 1 3     => 5! /   4! =>  5
1 1 1 2 2     => 5! / 2!3! => 10
1 1 2 3       => 4! /   2! => 12
1 2 2 2       => 4! /   3! =>  4
2 2 3         => 3! /   2! =>  3
1 3 3         => 3! /   2! =>  3
                              ==
                              44

===================================================

x1 + ... + x5 = 5 | 0 <= x

  5 + 5 - 1       9      9!
(           ) = (   ) = ---- = 126
    5 - 1         4     4!5!

x1 + ... + x5 = 5      | 0 <= x, 3 <= x1
                       | x1` = x - 3
                       | x1` + 3 = x1
x1` + 3 + ... + x5 = 5 | 0 <= x, x1`
x1` + ... + x5 = 2     | 0 <= x, x1`

  2 + 5 - 1       6      6!
(           ) = (   ) = ---- = 15
    5 - 1         4     4!2!

===================================================
# 1 1 1 1 1 1

# => 6! / 6! 
# => =======
# =>       1

# 1 1 1 1 2 
# 1 1 1 2 1
# 1 1 2 1 1
# 1 2 1 1 1
# 2 1 1 1 1

# => 5! / 4!
# => =======
# =>       5

# 1 1 2 2
# 1 2 1 2
# 1 2 2 1
# 2 1 1 2
# 2 1 2 1
# 2 2 1 1

# => 4! / 2!2!
# => =========
# => 24 /    4
# => =========
# =>         6

# 1 1 1 3
# 1 1 3 1
# 1 3 1 1
# 3 1 1 1

# => 4! / 3!
# => =======
# =>       4

# 2 2 2

# => 3! / 3!
# => =======
# =>       1

# 1 2 3
# 2 1 3
# 2 3 1
# 3 2 1
# 3 1 2
# 1 3 2

# => 3!
# => ==
# =>  6

# 3 3

# => 2! / 2!
# => =======
# =>       1

=================================================

x1 + x2 + ... + x12 = 22            | x1 >= 1     , x2 >= 3     , x >= 0
                                    | x1` = x1 - 1, x2` = x2 - 3
                                    | x1` + 1 = x1, x2` + 3 = x2
x1` + 1 + x2` + 3 + ... + x12 = 22  | x1`, x2`, x >= 0
x1` + x2` + ... + x12 = 18          | x1`, x2`, x >= 0
  18 + 12 - 1       29       29!
(             ) = (    ) = ------ = 34597290
    12 - 1          11     11!18!